12345678901234567890123456789012345678901234567890|234567890123456789012345678901234567890123456789
2                                                 |                                                
3                                                 |                                                
4                                                 |                                                
5                                                 |                                                
6                                                 |                                                
7                                                 |                                                
8                                                 |                                                
9                                                 |                                                
0                                                 |                                                
1                                                 |                                                
2                                                 |                                                
3                                                 |                                                
4                                                 |                                                
5                                                 |                                                
6                                                 |                                                
7                                                 |                                                
8                                                 |                                                
9                                                 |                                                
0                                                 |                                                
1-------------------------------------------------|------------------------------------------------
2                                                 |                                                
3                                                 |                                                
4                                                 |                                                
5                                                 |                                                
6                                                 |                                                
7                                                 |                                                
8                                                 |                                                
9                                                 |                                                
0                                                 |                                                
1                                                 |                                                
2                                                 |                                                
3                                                 |                                                
4                                                 |                                                
5                                                 |                                                
6                                                 |                                                
7                                                 |                                                
8                                                 |                                                
9                                                 |                                                
0                                                 |                                                
1_________________________________________________|________________________________________________
2                                                 |                                                
3                                                 |                                                
4                                                 |                                                
5                                                 |                                                
6                                                 |                                                
7                                                 |                                                
8                                                 |                                                
9                                                 |                                                
0                                                 |                                                
1                                                 |                                                
2                                                 |                                                
3                                                 |                                                
4                                                 |                                                
5                                                 |                                                
6                                                 |                                                
7                                                 |                                                
8                                                 |                                                
9                                                 |                                                
0                                                 |                                                
1                                                 |                                                
2--------------------------------------------------------------------------------------------------
3                                                 |                                                
4                                                 |                                                
5                                                 |                                                
6                                                 |                                                
7                                                 |                                                
8                                                 |                                                
9                                                 |                                                
0                                                 |                                                
1                                                 |                                                
2                                                 |                                                
3                                                 |                                                
4                                                 |                                                
5                                                 |                                                
6                                                 |                                                
7                                                 |                                                
8                                                 |                                                
9                                                 |                                                
02345678901234567890123456789012345678901234567890|23456789012345678901234567890
